51 0
52 1
53 2
54 3
56 4
57 5
58 6
59 7
63 8
64 9
65 10
66 11
67 12
68 13
70 14
72 15
73 16
75 17
76 18
77 19
80 20
81 21
82 22
84 23
89 24
90 25
91 26
93 27
95 28
96 29
97 30
98 31
100 32
101 33
107 34
126 35
137 36
138 37
151 38
152 39
154 40
155 41
156 42
157 43
161 44
162 45
163 46
165 47
170 48
171 49
172 50
173 51
174 52
176 53
178 54
180 55
181 56
182 57
183 58
184 59
186 60
187 61
188 62
190 63
191 64
192 65
193 66
196 67
197 68
198 69
199 70
200 71
201 72
203 73
205 74
206 75
207 76
208 77
209 78
210 79
211 80
212 81
214 82
216 83
218 84
219 85
220 86
222 87
223 88
225 89
226 90
227 91
228 92
229 93
231 94
233 95
234 96
235 97
236 98
237 99
239 100
241 101
245 102
246 103
247 104
249 105
250 106
251 107
252 108
253 109
256 110
257 111
258 112
262 113
263 114
266 115
267 116
270 117
271 118
276 119
279 120
285 121
286 122
287 123
55 124
288 125
290 126
291 127
292 128
293 129
294 130
295 131
296 132
297 133
298 134
299 135
300 136
302 137
304 138
305 139
306 140
307 141
308 142
309 143
312 144
313 145
314 146
316 147
317 148
321 149
322 150
323 151
324 152
325 153
326 154
327 155
328 156
329 157
330 158
332 159
333 160
71 161
265 162
289 163
311 164
340 165
342 166
344 167
348 168
349 169
350 170
352 171
354 172
355 173
357 174
360 175
362 176
364 177
366 178
8 179
367 180
369 181
370 182
371 183
374 184
375 185
376 186
377 187
379 188
383 189
384 190
389 191
390 192
396 193
397 194
399 195
400 196
403 197
405 198
407 199
408 200
409 201
412 202
159 203
217 204
416 205
418 206
420 207
421 208
422 209
424 210
426 211
427 212
428 213
429 214
430 215
431 216
432 217
434 218
437 219
438 220
439 221
440 222
441 223
442 224
443 225
444 226
445 227
446 228
447 229
448 230
454 231
230 232
301 233
455 234
456 235
457 236
460 237
461 238
462 239
463 240
464 241
465 242
468 243
470 244
471 245
472 246
475 247
476 248
477 249
478 250
479 251
481 252
482 253
485 254
189 255
378 256
466 257
486 258
487 259
489 260
490 261
492 262
493 263
494 264
496 265
497 266
498 267
499 268
502 269
504 270
506 271
507 272
510 273
511 274
512 275
514 276
516 277
517 278
518 279
519 280
521 281
522 282
310 283
318 284
523 285
524 286
525 287
526 288
527 289
528 290
529 291
531 292
533 293
535 294
536 295
537 296
538 297
540 298
541 299
543 300
544 301
546 302
547 303
548 304
554 305
562 306
563 307
567 308
569 309
570 310
572 311
575 312
576 313
580 314
581 315
582 316
585 317
591 318
592 319
69 320
215 321
599 322
601 323
603 324
604 325
605 326
607 327
610 328
612 329
613 330
614 331
615 332
616 333
617 334
618 335
619 336
620 337
621 338
622 339
625 340
627 341
629 342
630 343
631 344
632 345
346 346
386 347
532 348
637 349
638 350
641 351
644 352
652 353
660 354
669 355
674 356
676 357
680 358
682 359
683 360
685 361
686 362
687 363
689 364
690 365
691 366
692 367
693 368
694 369
696 370
699 371
701 372
703 373
88 374
705 375
706 376
707 377
708 378
712 379
714 380
715 381
717 382
718 383
720 384
722 385
726 386
727 387
728 388
730 389
732 390
733 391
734 392
735 393
737 394
744 395
747 396
748 397
749 398
751 399
752 400
755 401
756 402
759 403
763 404
767 405
768 406
769 407
770 408
772 409
777 410
778 411
779 412
782 413
785 414
679 415
681 416
786 417
787 418
788 419
789 420
790 421
792 422
793 423
794 424
797 425
798 426
803 427
503 428
804 429
806 430
808 431
809 432
811 433
812 434
813 435
814 436
815 437
818 438
820 439
823 440
824 441
826 442
829 443
830 444
831 445
832 446
834 447
835 448
837 449
839 450
841 451
843 452
845 453
846 454
850 455
436 456
852 457
854 458
855 459
856 460
857 461
858 462
859 463
861 464
863 465
865 466
866 467
867 468
868 469
871 470
874 471
875 472
877 473
878 474
879 475
880 476
881 477
882 478
883 479
167 480
709 481
885 482
886 483
889 484
891 485
896 486
899 487
900 488
901 489
903 490
469 491
484 492
800 493
906 494
907 495
908 496
909 497
910 498
911 499
912 500
913 501
915 502
6 503
25 504
917 505
918 506
919 507
922 508
923 509
924 510
928 511
931 512
932 513
936 514
940 515
942 516
943 517
944 518
945 519
946 520
949 521
952 522
954 523
955 524
956 525
957 526
423 527
961 528
963 529
964 530
966 531
967 532
968 533
971 534
974 535
975 536
977 537
978 538
980 539
981 540
982 541
985 542
987 543
989 544
991 545
61 546
905 547
993 548
994 549
995 550
997 551
998 552
999 553
1000 554
1001 555
1004 556
1005 557
1008 558
1009 559
1011 560
1013 561
1014 562
1017 563
1020 564
1021 565
1028 566
1029 567
534 568
704 569
951 570
1034 571
1035 572
1036 573
1037 574
1038 575
1040 576
1041 577
1042 578
1043 579
1045 580
1046 581
646 582
1048 583
1051 584
1052 585
1053 586
1054 587
1055 588
238 589
515 590
757 591
972 592
1061 593
1062 594
1064 595
1067 596
1069 597
1072 598
1073 599
1076 600
1079 601
1081 602
1083 603
1085 604
851 605
1090 606
1093 607
1094 608
1095 609
1097 610
1098 611
1099 612
1100 613
1101 614
1103 615
1104 616
1105 617
1106 618
1109 619
1110 620
1112 621
1113 622
1114 623
1116 624
1117 625
1118 626
1119 627
1121 628
1123 629
1124 630
1126 631
1130 632
1131 633
1133 634
1142 635
1143 636
1145 637
959 638
1146 639
1148 640
1150 641
1154 642
1155 643
1156 644
1159 645
1160 646
1161 647
1162 648
1163 649
1164 650
1167 651
920 652
1171 653
1177 654
45 655
488 656
805 657
816 658
1047 659
1091 660
1179 661
1180 662
1181 663
1182 664
1183 665
1184 666
1186 667
1189 668
1191 669
1192 670
1193 671
1196 672
1198 673
1200 674
1201 675
565 676
578 677
1202 678
1205 679
1206 680
1207 681
1210 682
1213 683
1214 684
1216 685
1220 686
1221 687
1222 688
1226 689
1227 690
1228 691
1229 692
1231 693
1237 694
1239 695
1240 696
1241 697
1242 698
1243 699
1244 700
1246 701
1247 702
1248 703
1249 704
13 705
19 706
47 707
1253 708
1254 709
1260 710
1261 711
1263 712
1264 713
1270 714
1276 715
1277 716
1281 717
1285 718
32 719
38 720
1066 721
1292 722
1293 723
1295 724
1297 725
1298 726
1299 727
1300 728
1303 729
1306 730
1312 731
1315 732
1332 733
947 734
1337 735
1338 736
1339 737
1342 738
1343 739
1347 740
1348 741
1349 742
1350 743
1352 744
1353 745
1360 746
1364 747
1366 748
1369 749
1372 750
204 751
425 752
962 753
1375 754
1376 755
1377 756
1378 757
1379 758
1380 759
1382 760
1383 761
1384 762
1385 763
1390 764
278 765
1394 766
1395 767
1397 768
1398 769
1399 770
1400 771
1401 772
1402 773
1404 774
1405 775
1406 776
1410 777
15 778
609 779
1412 780
1413 781
1414 782
1416 783
1421 784
1422 785
1423 786
1425 787
1426 788
1427 789
320 790
795 791
802 792
1428 793
1432 794
1433 795
1436 796
1438 797
1440 798
1441 799
1443 800
1444 801
1447 802
1449 803
458 804
1032 805
1450 806
1451 807
1452 808
1453 809
1455 810
1456 811
1457 812
1458 813
1459 814
1462 815
1463 816
283 817
1464 818
1470 819
40 820
166 821
1485 822
1486 823
1492 824
1502 825
1503 826
1504 827
1505 828
1507 829
221 830
969 831
1151 832
1509 833
1510 834
1512 835
1513 836
1515 837
1516 838
1517 839
1519 840
1520 841
1257 842
1274 843
1344 844
1358 845
1522 846
1523 847
1528 848
1531 849
1533 850
1534 851
1535 852
1044 853
1537 854
1540 855
1541 856
1544 857
1545 858
1547 859
1551 860
1552 861
1555 862
1556 863
1561 864
331 865
491 866
545 867
1576 868
1392 869
1590 870
1596 871
1597 872
1601 873
1602 874
1609 875
1613 876
1614 877
1620 878
1627 879
1631 880
1632 881
1633 882
1636 883
1639 884
1640 885
1643 886
1645 887
1654 888
1659 889
1660 890
1662 891
1669 892
1185 893
1190 894
1429 895
1672 896
1674 897
1680 898
1681 899
892 900
1684 901
1686 902
1688 903
1689 904
1690 905
1691 906
1694 907
1696 908
1698 909
7 910
27 911
36 912
450 913
710 914
1701 915
1704 916
1705 917
1706 918
1707 919
1708 920
1709 921
1710 922
1711 923
1713 924
103 925
1717 926
1718 927
1721 928
1725 929
1731 930
1732 931
1736 932
1737 933
1738 934
1740 935
1743 936
1745 937
1747 938
1752 939
261 940
1424 941
1755 942
1761 943
1763 944
1764 945
1766 946
1768 947
1770 948
1771 949
1775 950
1776 951
1777 952
1781 953
1782 954
1786 955
1787 956
1788 957
1789 958
1793 959
1795 960
1796 961
1797 962
1799 963
1800 964
1801 965
1527 966
1803 967
1804 968
1808 969
1809 970
1810 971
1811 972
1812 973
1813 974
1814 975
1816 976
1817 977
1641 978
1820 979
1824 980
1825 981
1826 982
1827 983
1832 984
1833 985
1836 986
1837 987
1839 988
1844 989
1848 990
1195 991
1678 992
1852 993
1853 994
1855 995
1857 996
1858 997
1859 998
1860 999
1861 1000
1866 1001
1867 1002
1868 1003
1870 1004
1874 1005
1875 1006
85 1007
99 1008
1027 1009
1122 1010
1878 1011
1881 1012
1884 1013
1885 1014
1886 1015
1889 1016
1890 1017
1891 1018
1893 1019
1895 1020
1897 1021
1899 1022
1900 1023
1901 1024
1934 1025
195 1026
1622 1027
1943 1028
1944 1029
1945 1030
1946 1031
1948 1032
1949 1033
1952 1034
1953 1035
1954 1036
1957 1037
1958 1038
1959 1039
1960 1040
1963 1041
1965 1042
1966 1043
1970 1044
1971 1045
1873 1046
1974 1047
1975 1048
1976 1049
1977 1050
1979 1051
1981 1052
1984 1053
1986 1054
1989 1055
1990 1056
930 1057
1132 1058
1351 1059
1998 1060
2000 1061
2009 1062
2013 1063
2014 1064
2019 1065
2021 1066
2022 1067
2023 1068
2025 1069
30 1070
724 1071
986 1072
1089 1073
1714 1074
1791 1075
2026 1076
2028 1077
2029 1078
2031 1079
2035 1080
2039 1081
2043 1082
185 1083
2051 1084
2054 1085
2055 1086
2062 1087
2067 1088
2068 1089
2071 1090
2075 1091
2076 1092
2079 1093
2080 1094
2083 1095
2084 1096
388 1097
1904 1098
1910 1099
1919 1100
1923 1101
2086 1102
2088 1103
2091 1104
2092 1105
2094 1106
2097 1107
2098 1108
2100 1109
2101 1110
2102 1111
2104 1112
2106 1113
2111 1114
1988 1115
2121 1116
2123 1117
2127 1118
2130 1119
2132 1120
2133 1121
2134 1122
2136 1123
2137 1124
2139 1125
842 1126
2146 1127
2149 1128
2151 1129
2154 1130
2158 1131
2161 1132
2165 1133
2172 1134
2174 1135
542 1136
1475 1137
2175 1138
2176 1139
2179 1140
2183 1141
2184 1142
825 1143
1188 1144
2187 1145
2192 1146
2193 1147
2196 1148
2200 1149
2203 1150
2204 1151
2206 1152
2211 1153
2220 1154
2226 1155
2236 1156
2242 1157
2247 1158
2251 1159
2252 1160
433 1161
2264 1162
2265 1163
2268 1164
2271 1165
2276 1166
2277 1167
2279 1168
2280 1169
2281 1170
2289 1171
2298 1172
2300 1173
2312 1174
2330 1175
2338 1176
2341 1177
2343 1178
2344 1179
2346 1180
2347 1181
2350 1182
2351 1183
2352 1184
860 1185
2362 1186
2363 1187
2364 1188
2369 1189
2370 1190
2372 1191
2374 1192
2375 1193
500 1194
810 1195
1557 1196
2143 1197
2379 1198
2380 1199
2381 1200
2383 1201
2384 1202
1936 1203
1937 1204
2390 1205
2392 1206
1947 1207
2398 1208
2402 1209
2405 1210
2407 1211
2415 1212
2419 1213
2425 1214
1673 1215
2426 1216
2428 1217
2429 1218
2432 1219
2433 1220
2435 1221
1415 1222
2436 1223
2442 1224
2446 1225
2449 1226
2451 1227
2453 1228
2454 1229
2455 1230
2458 1231
2459 1232
2460 1233
2462 1234
2463 1235
2467 1236
2468 1237
2469 1238
1203 1239
2030 1240
2471 1241
2472 1242
2473 1243
2475 1244
2478 1245
2481 1246
2486 1247
2487 1248
2488 1249
2490 1250
2491 1251
2493 1252
2498 1253
2500 1254
2515 1255
1107 1256
1964 1257
2424 1258
2532 1259
2533 1260
2534 1261
2537 1262
2538 1263
2539 1264
2541 1265
2542 1266
2521 1267
2543 1268
2544 1269
2545 1270
2546 1271
2548 1272
2552 1273
2558 1274
2562 1275
2565 1276
2569 1277
2150 1278
2572 1279
2573 1280
2576 1281
2579 1282
2580 1283
2584 1284
2585 1285
2586 1286
2587 1287
2591 1288
2594 1289
2020 1290
2595 1291
2598 1292
419 1293
1075 1294
1983 1295
2131 1296
2582 1297
2600 1298
2601 1299
2602 1300
2605 1301
2531 1302
2607 1303
2608 1304
2609 1305
2610 1306
2611 1307
2614 1308
2616 1309
1670 1310
2210 1311
2617 1312
2618 1313
2619 1314
2621 1315
602 1316
1518 1317
2624 1318
2625 1319
2626 1320
2628 1321
2629 1322
2630 1323
2632 1324
2633 1325
2637 1326
2638 1327
2640 1328
2641 1329
2643 1330
1491 1331
2339 1332
2646 1333
2652 1334
2653 1335
2654 1336
2655 1337
2661 1338
2664 1339
2665 1340
2666 1341
2668 1342
2669 1343
2670 1344
2671 1345
2672 1346
2673 1347
2675 1348
2676 1349
2677 1350
2681 1351
2693 1352
1481 1353
2698 1354
2699 1355
2708 1356
2711 1357
2716 1358
2723 1359
380 1360
1992 1361
2038 1362
2738 1363
2742 1364
2744 1365
2746 1366
2747 1367
12 1368
28 1369
1259 1370
1521 1371
2749 1372
2763 1373
2765 1374
2772 1375
1807 1376
2781 1377
2783 1378
2784 1379
2786 1380
2787 1381
2788 1382
2789 1383
2797 1384
393 1385
413 1386
1918 1387
2089 1388
2799 1389
2801 1390
2803 1391
2813 1392
2815 1393
2817 1394
2818 1395
2820 1396
2821 1397
2823 1398
2824 1399
2828 1400
2829 1401
2830 1402
937 1403
965 1404
2834 1405
2835 1406
2836 1407
2838 1408
2839 1409
2840 1410
2841 1411
2842 1412
2843 1413
2847 1414
2852 1415
2853 1416
2858 1417
2859 1418
2861 1419
992 1420
2855 1421
2864 1422
2873 1423
2893 1424
2896 1425
2899 1426
2901 1427
2902 1428
1941 1429
2906 1430
2907 1431
2916 1432
2919 1433
2930 1434
2931 1435
268 1436
467 1437
1019 1438
1883 1439
1892 1440
2935 1441
2937 1442
2938 1443
2939 1444
1914 1445
2940 1446
2941 1447
2944 1448
2956 1449
2959 1450
2961 1451
821 1452
1994 1453
2962 1454
2963 1455
2964 1456
2966 1457
2969 1458
2970 1459
2973 1460
2975 1461
2976 1462
1059 1463
2977 1464
2978 1465
2981 1466
2982 1467
2986 1468
2987 1469
2988 1470
2990 1471
3003 1472
3011 1473
3019 1474
3024 1475
1396 1476
1409 1477
3026 1478
3027 1479
3028 1480
3030 1481
3032 1482
3033 1483
3040 1484
3041 1485
3043 1486
3046 1487
3047 1488
3053 1489
3057 1490
3058 1491
3060 1492
3063 1493
3067 1494
3070 1495
3071 1496
3073 1497
1580 1498
2523 1499
3074 1500
3078 1501
3079 1502
3080 1503
3081 1504
2785 1505
2790 1506
3082 1507
3084 1508
3088 1509
3094 1510
3097 1511
2554 1512
2627 1513
3104 1514
3105 1515
3109 1516
3110 1517
3112 1518
3119 1519
3124 1520
3127 1521
3128 1522
3129 1523
3132 1524
3158 1525
3164 1526
2440 1527
3171 1528
2984 1529
3173 1530
334 1531
3176 1532
3177 1533
9 1534
3183 1535
3184 1536
3187 1537
3191 1538
3196 1539
3198 1540
459 1541
1135 1542
3200 1543
3202 1544
3204 1545
3205 1546
3206 1547
953 1548
3238 1549
3239 1550
3240 1551
3244 1552
3247 1553
1418 1554
3252 1555
3258 1556
86 1557
2444 1558
3201 1559
3264 1560
3266 1561
3267 1562
3272 1563
3279 1564
3280 1565
3285 1566
3288 1567
3289 1568
3290 1569
3291 1570
3293 1571
3294 1572
3300 1573
359 1574
3304 1575
3308 1576
3313 1577
3314 1578
3316 1579
3317 1580
3318 1581
1511 1582
3319 1583
3320 1584
3321 1585
3322 1586
3324 1587
3330 1588
3332 1589
3333 1590
3335 1591
3341 1592
3354 1593
3357 1594
3364 1595
3367 1596
3369 1597
3370 1598
3371 1599
3373 1600
2439 1601
3375 1602
3376 1603
3377 1604
1760 1605
3378 1606
3382 1607
3384 1608
3386 1609
3391 1610
3392 1611
3393 1612
3397 1613
3399 1614
3400 1615
2006 1616
2775 1617
2794 1618
3405 1619
3411 1620
3416 1621
3417 1622
18 1623
41 1624
3197 1625
3425 1626
3427 1627
864 1628
3430 1629
3432 1630
3436 1631
3438 1632
3441 1633
3442 1634
3443 1635
3444 1636
3451 1637
3455 1638
3456 1639
1806 1640
3459 1641
3460 1642
3461 1643
3462 1644
3464 1645
3466 1646
3467 1647
3468 1648
3469 1649
1703 1650
2342 1651
3470 1652
3472 1653
3473 1654
3474 1655
3475 1656
3476 1657
3481 1658
3482 1659
3488 1660
3490 1661
3491 1662
3497 1663
3500 1664
3501 1665
3502 1666
3551 1667
3558 1668
3562 1669
3563 1670
3568 1671
3570 1672
3575 1673
3576 1674
3583 1675
3584 1676
3603 1677
697 1678
3617 1679
3619 1680
3621 1681
474 1682
530 1683
3666 1684
3670 1685
3672 1686
3673 1687
3675 1688
3676 1689
2535 1690
3685 1691
3686 1692
3689 1693
3691 1694
3693 1695
3694 1696
3700 1697
3703 1698
2148 1699
3717 1700
3719 1701
3721 1702
3729 1703
3707 1704
3730 1705
3732 1706
716 1707
3735 1708
3737 1709
3738 1710
3739 1711
2430 1712
3741 1713
3743 1714
3744 1715
3745 1716
3746 1717
3747 1718
3748 1719
3749 1720
3750 1721
3754 1722
3756 1723
3758 1724
356 1725
1489 1726
2437 1727
3588 1728
3767 1729
3768 1730
3769 1731
3771 1732
1134 1733
1411 1734
3774 1735
3776 1736
3778 1737
3779 1738
3660 1739
3780 1740
3781 1741
3788 1742
3792 1743
3795 1744
3797 1745
3798 1746
3805 1747
3806 1748
3809 1749
758 1750
2735 1751
2743 1752
3833 1753
1772 1754
2047 1755
3307 1756
3859 1757
3863 1758
3868 1759
3870 1760
3871 1761
3873 1762
2559 1763
3884 1764
3888 1765
3892 1766
3893 1767
3896 1768
3901 1769
3902 1770
3905 1771
2018 1772
3920 1773
3921 1774
3927 1775
3934 1776
1854 1777
2612 1778
3945 1779
3557 1780
3948 1781
3966 1782
3985 1783
3302 1784
3988 1785
3991 1786
3993 1787
3995 1788
2971 1789
3997 1790
4003 1791
4004 1792
2923 1793
4022 1794
4025 1795
4027 1796
4028 1797
4036 1798
4038 1799
1735 1800
3259 1801
3861 1802
4051 1803
2606 1804
2857 1805
3458 1806
4064 1807
4069 1808
4074 1809
840 1810
4096 1811
4100 1812
4103 1813
4104 1814
4123 1815
4125 1816
4126 1817
4130 1818
4135 1819
4136 1820
4137 1821
4143 1822
4153 1823
3509 1824
4156 1825
4162 1826
4164 1827
4165 1828
2850 1829
4166 1830
4168 1831
4170 1832
4171 1833
4173 1834
4177 1835
4178 1836
3714 1837
4118 1838
4184 1839
4189 1840
4191 1841
4194 1842
4198 1843
4199 1844
4201 1845
4208 1846
4211 1847
4216 1848
4223 1849
4108 1850
4225 1851
4226 1852
4228 1853
4229 1854
4232 1855
4129 1856
4242 1857
4245 1858
4251 1859
4254 1860
4255 1861
4257 1862
4260 1863
4262 1864
4271 1865
4272 1866
4273 1867
4290 1868
4291 1869
4292 1870
4294 1871
4297 1872
4308 1873
4309 1874
153 1875
606 1876
4311 1877
4316 1878
4317 1879
4341 1880
4342 1881
3637 1882
4344 1883
4346 1884
4349 1885
4350 1886
3992 1887
4354 1888
4356 1889
4359 1890
4366 1891
4369 1892
4375 1893
4382 1894
4384 1895
4385 1896
4394 1897
3281 1898
3065 1899
4155 1900
453 1901
4428 1902
4432 1903
4435 1904
4436 1905
4437 1906
4439 1907
4444 1908
4447 1909
4448 1910
4452 1911
3489 1912
4487 1913
4488 1914
4489 1915
4491 1916
4495 1917
4504 1918
4079 1919
4520 1920
4532 1921
4541 1922
4543 1923
2024 1924
4550 1925
4558 1926
4559 1927
914 1928
4560 1929
4561 1930
4562 1931
3237 1932
4565 1933
4566 1934
4572 1935
4575 1936
4576 1937
4585 1938
4586 1939
3940 1940
4608 1941
4611 1942
4613 1943
1980 1944
2526 1945
4616 1946
4617 1947
4618 1948
4620 1949
1726 1950
4649 1951
4502 1952
4675 1953
4691 1954
3498 1955
4696 1956
4705 1957
4707 1958
3398 1959
4708 1960
4709 1961
4710 1962
4179 1963
4742 1964
4747 1965
4750 1966
4756 1967
4767 1968
3213 1969
3328 1970
4773 1971
4774 1972
4779 1973
4784 1974
4787 1975
4790 1976
4793 1977
4800 1978
4802 1979
4807 1980
4811 1981
4814 1982
4716 1983
4817 1984
4819 1985
4087 1986
4218 1987
4820 1988
4821 1989
4822 1990
4823 1991
4831 1992
4834 1993
4837 1994
4850 1995
1835 1996
4852 1997
4865 1998
2082 1999
4818 2000
2 2001
10 2002
34 2003
49 2004
1294 2005
1296 2006
4871 2007
4872 2008
4875 2009
4876 2010
4880 2011
4883 2012
1913 2013
3056 2014
4887 2015
4896 2016
1700 2017
1834 2018
4912 2019
4917 2020
4918 2021
4920 2022
4922 2023
4927 2024
4928 2025
1863 2026
4002 2027
4936 2028
4948 2029
4970 2030
4971 2031
4180 2032
4923 2033
4980 2034
501 2035
4024 2036
4988 2037
3255 2038
1389 2039
5000 2040
5001 2041
1790 2042
3827 2043
5020 2044
5027 2045
5032 2046
2214 2047
3812 2048
5065 2049
5067 2050
5071 2051
5072 2052
5073 2053
5074 2054
5079 2055
5082 2056
5089 2057
5099 2058
970 2059
4704 2060
5119 2061
5126 2062
539 2063
5149 2064
5150 2065
5153 2066
5154 2067
2936 2068
3471 2069
4124 2070
5157 2071
5165 2072
5168 2073
5172 2074
5175 2075
5184 2076
4994 2077
5205 2078
5215 2079
5216 2080
5217 2081
979 2082
5226 2083
3193 2084
1092 2085
5236 2086
5237 2087
5238 2088
5249 2089
898 2090
3832 2091
5254 2092
5256 2093
5257 2094
5258 2095
5260 2096
4706 2097
5266 2098
5267 2099
5297 2100
5299 2101
5306 2102
5313 2103
5346 2104
5348 2105
5353 2106
5360 2107
5365 2108
5375 2109
5414 2110
5416 2111
5420 2112
1469 2113
5425 2114
5427 2115
5428 2116
5429 2117
5434 2118
5437 2119
4828 2120
2660 2121
5441 2122
5453 2123
5459 2124
4115 2125
5475 2126
5480 2127
5485 2128
5488 2129
4725 2130
5358 2131
5503 2132
1905 2133
5534 2134
5537 2135
862 2136
5547 2137
5549 2138
3712 2139
5565 2140
11 2141
5600 2142
5605 2143
5615 2144
2081 2145
2574 2146
4833 2147
5630 2148
5631 2149
5636 2150
5638 2151
583 2152
5649 2153
5660 2154
5666 2155
5667 2156
5678 2157
5688 2158
2691 2159
5487 2160
4810 2161
5745 2162
1468 2163
5749 2164
3404 2165
5754 2166
3763 2167
5767 2168
5768 2169
5772 2170
5639 2171
5785 2172
2059 2173
5789 2174
5790 2175
2771 2176
5806 2177
1015 2178
5833 2179
5836 2180
5841 2181
5845 2182
5847 2183
2593 2184
2811 2185
5879 2186
5844 2187
5890 2188
5891 2189
4680 2190
5913 2191
5914 2192
2524 2193
5925 2194
5926 2195
5927 2196
5929 2197
3928 2198
5036 2199
5947 2200
5948 2201
5950 2202
5953 2203
5958 2204
4387 2205
5966 2206
5969 2207
5972 2208
5984 2209
1935 2210
5988 2211
6006 2212
6008 2213
1194 2214
6016 2215
6032 2216
1408 2217
4230 2218
6046 2219
6048 2220
6054 2221
6064 2222
6075 2223
2983 2224
6120 2225
6121 2226
6123 2227
6130 2228
6132 2229
3230 2230
6150 2231
6151 2232
6160 2233
6161 2234
6165 2235
6182 2236
6187 2237
6189 2238
6191 2239
6196 2240
3690 2241
6203 2242
6205 2243
6217 2244
5439 2245
6222 2246
6226 2247
6229 2248
6231 2249
6232 2250
6235 2251
6245 2252
175 2253
2851 2254
3946 2255
6247 2256
6249 2257
6252 2258
4037 2259
6267 2260
6282 2261
6288 2262
6289 2263
6308 2264
1610 2265
3227 2266
6052 2267
5147 2268
6346 2269
6363 2270
6390 2271
6391 2272
6397 2273
6439 2274
6448 2275
6452 2276
6453 2277
6454 2278
1197 2279
3616 2280
4089 2281
6461 2282
6463 2283
4466 2284
6472 2285
5105 2286
2044 2287
6505 2288
6527 2289
6529 2290
6534 2291
6539 2292
5670 2293
6542 2294
6543 2295
6548 2296
5310 2297
4713 2298
6562 2299
6567 2300
6570 2301
5192 2302
6409 2303
6581 2304
6582 2305
6585 2306
4264 2307
6600 2308
6602 2309
6608 2310
6614 2311
2924 2312
6376 2313
6618 2314
6619 2315
6621 2316
6626 2317
6631 2318
6159 2319
6678 2320
6685 2321
6687 2322
4564 2323
6690 2324
6713 2325
6721 2326
6722 2327
711 2328
6733 2329
6739 2330
6742 2331
6748 2332
6756 2333
6759 2334
6760 2335
6762 2336
6765 2337
6769 2338
6773 2339
2556 2340
3777 2341
1650 2342
6792 2343
2470 2344
6824 2345
6830 2346
6836 2347
6847 2348
5235 2349
37 2350
6732 2351
6878 2352
2921 2353
6887 2354
6901 2355
6906 2356
6910 2357
4734 2358
6915 2359
6920 2360
6930 2361
1778 2362
6950 2363
6957 2364
6958 2365
6959 2366
2702 2367
3528 2368
3886 2369
7008 2370
194 2371
3520 2372
4605 2373
5689 2374
7047 2375
7071 2376
7076 2377
39 2378
6257 2379
7079 2380
7081 2381
4474 2382
5594 2383
5076 2384
7096 2385
7100 2386
4460 2387
7119 2388
7123 2389
7137 2390
7147 2391
7148 2392
7152 2393
46 2394
3310 2395
7157 2396
7160 2397
5030 2398
6223 2399
7177 2400
7183 2401
7187 2402
7190 2403
7191 2404
6250 2405
7261 2406
3217 2407
4538 2408
7265 2409
4728 2410
7323 2411
7326 2412
7328 2413
7329 2414
7331 2415
7340 2416
1006 2417
7343 2418
7347 2419
3186 2420
7324 2421
7352 2422
1127 2423
4092 2424
5423 2425
6724 2426
7375 2427
7382 2428
7390 2429
7056 2430
2360 2431
7419 2432
6540 2433
7426 2434
7448 2435
7449 2436
2222 2437
2688 2438
7493 2439
7505 2440
3413 2441
7525 2442
7530 2443
754 2444
7623 2445
7626 2446
1187 2447
7643 2448
7650 2449
1950 2450
2639 2451
7663 2452
7665 2453
3431 2454
2408 2455
7704 2456
7706 2457
4434 2458
7723 2459
7724 2460
7742 2461
7743 2462
7781 2463
1553 2464
5412 2465
7452 2466
7810 2467
1679 2468
4995 2469
7832 2470
7835 2471
2395 2472
2396 2473
5787 2474
7838 2475
7846 2476
2634 2477
7864 2478
7868 2479
7874 2480
202 2481
303 2482
1381 2483
4600 2484
7885 2485
3753 2486
3817 2487
6693 2488
4669 2489
3440 2490
3705 2491
6730 2492
7407 2493
7927 2494
7935 2495
5746 2496
6389 2497
7260 2498
7756 2499
3503 2500
8002 2501
8027 2502
17 2503
8043 2504
8047 2505
8054 2506
7639 2507
8067 2508
8071 2509
8081 2510
2894 2511
8111 2512
8121 2513
8123 2514
8126 2515
6294 2516
6298 2517
5041 2518
8160 2519
3674 2520
5140 2521
3877 2522
8215 2523
8229 2524
8230 2525
688 2526
7831 2527
8244 2528
3722 2529
8258 2530
5444 2531
8264 2532
8274 2533
6429 2534
8312 2535
8830 2536
6258 2537
3051 2538
8254 2539
8350 2540
1430 2541
8364 2542
8371 2543
8372 2544
4365 2545
6961 2546
8439 2547
8454 2548
8459 2549
8461 2550
8467 2551
8479 2552
1729 2553
5048 2554
8504 2555
8510 2556
1802 2557
8555 2558
6374 2559
4732 2560
8582 2561
3706 2562
8589 2563
8313 2564
8592 2565
8594 2566
3428 2567
1526 2568
8600 2569
8642 2570
8649 2571
8656 2572
6137 2573
8659 2574
2416 2575
6210 2576
8672 2577
8675 2578
8676 2579
8678 2580
8680 2581
8705 2582
8706 2583
8707 2584
8710 2585
8713 2586
8728 2587
8732 2588
6541 2589
8390 2590
725 2591
8794 2592
3919 2593
4762 2594
8802 2595
8805 2596
3890 2597
1767 2598
8837 2599
4058 2600
6414 2601
8866 2602
8910 2603
8915 2604
8853 2605
8962 2606
8991 2607
8995 2608
1929 2609
1057 2610
2269 2611
9144 2612
5045 2613
9160 2614
240 2615
5239 2616
9183 2617
9187 2618
9230 2619
791 2620
8718 2621
9234 2622
1687 2623
8945 2624
9260 2625
7348 2626
7194 2627
9321 2628
9334 2629
6292 2630
9347 2631
9384 2632
5452 2633
5978 2634
3505 2635
9457 2636
4458 2637
9344 2638
16 2639
8464 2640
887 2641
1969 2642
7470 2643
5472 2644
1225 2645
7054 2646
9585 2647
869 2648
1985 2649
6728 2650
9632 2651
2366 2652
8042 2653
6293 2654
7759 2655
9684 2656
4196 2657
8674 2658
9285 2659
9766 2660
9818 2661
9822 2662
9631 2663
9823 2664
9825 2665
2027 2666
9869 2667
635 2668
4879 2669
2128 2670
8161 2671
9907 2672
9926 2673
7038 2674
3087 2675
8155 2676
8583 2677
2667 2678
7777 2679
2967 2680
10069 2681
5446 2682
10105 2683
10214 2684
10310 2685
4113 2686
10318 2687
10327 2688
8587 2689
10394 2690
5202 2691
10412 2692
6146 2693
10430 2694
3445 2695
4286 2696
2003 2697
10491 2698
9783 2699
10517 2700
10564 2701
1648 2702
10612 2703
10613 2704
10615 2705
4459 2706
10640 2707
661 2708
10672 2709
9079 2710
10677 2711
7660 2712
3624 2713
10717 2714
7078 2715
10738 2716
1888 2717
9716 2718
4181 2719
3299 2720
4031 2721
10859 2722
10784 2723
10955 2724
5934 2725
10967 2726
10969 2727
5180 2728
10449 2729
6297 2730
11042 2731
3681 2732
10608 2733
11069 2734
11084 2735
11128 2736
11155 2737
11204 2738
11206 2739
5100 2740
4442 2741
6202 2742
11229 2743
11230 2744
11393 2745
10358 2746
11460 2747
11477 2748
5421 2749
11550 2750
11589 2751
6410 2752
11598 2753
11604 2754
11652 2755
11739 2756
5883 2757
11754 2758
11796 2759
9485 2760
11900 2761
11885 2762
4457 2763
12002 2764
6594 2765
12026 2766
3125 2767
10663 2768
12104 2769
9433 2770
1922 2771
8136 2772
8420 2773
8422 2774
10847 2775
12555 2776
12599 2777
2871 2778
4361 2779
9545 2780
12918 2781
895 2782
4252 2783
1978 2784
3627 2785
9955 2786
8884 2787
12165 2788
13292 2789
13303 2790
10418 2791
2645 2792
6295 2793
9470 2794
3889 2795
3646 2796
13888 2797
9636 2798
7834 2799
6726 2800
9727 2801
11849 2802
8716 2803
4731 2804
14645 2805
4029 2806
6362 2807
4609 2808
3716 2809
12868 2810
12013 2811
14692 2812
