2 0
3 1
4 2
5 3
6 4
7 5
8 6
9 7
10 8
11 9
12 10
13 11
14 12
15 13
16 14
17 15
18 16
20 17
21 18
22 19
23 20
24 21
25 22
26 23
27 24
28 25
29 26
30 27
31 28
32 29
33 30
34 31
35 32
36 33
37 34
38 35
39 36
40 37
41 38
42 39
43 40
44 41
45 42
46 43
47 44
48 45
49 46
50 47
51 48
52 49
53 50
54 51
55 52
56 53
57 54
58 55
59 56
60 57
61 58
62 59
63 60
64 61
65 62
66 63
68 64
69 65
70 66
71 67
72 68
73 69
74 70
75 71
76 72
77 73
78 74
79 75
80 76
81 77
82 78
83 79
84 80
85 81
86 82
87 83
88 84
89 85
90 86
91 87
92 88
94 89
95 90
96 91
97 92
98 93
99 94
100 95
101 96
102 97
103 98
104 99
105 100
106 101
107 102
108 103
109 104
110 105
111 106
113 107
114 108
115 109
116 110
117 111
118 112
119 113
120 114
121 115
122 116
123 117
124 118
125 119
126 120
127 121
128 122
129 123
130 124
131 125
132 126
133 127
134 128
135 129
136 130
137 131
139 132
140 133
141 134
142 135
143 136
144 137
145 138
146 139
147 140
148 141
149 142
150 143
151 144
152 145
153 146
154 147
155 148
156 149
157 150
158 151
159 152
161 153
162 154
163 155
164 156
166 157
168 158
170 159
171 160
172 161
173 162
174 163
175 164
176 165
177 166
178 167
179 168
180 169
181 170
182 171
183 172
184 173
185 174
186 175
187 176
189 177
190 178
191 179
192 180
193 181
194 182
195 183
196 184
198 185
200 186
201 187
202 188
203 189
204 190
205 191
206 192
207 193
208 194
209 195
210 196
211 197
212 198
213 199
214 200
215 201
216 202
217 203
218 204
219 205
220 206
223 207
224 208
225 209
226 210
227 211
228 212
229 213
230 214
231 215
232 216
233 217
234 218
235 219
236 220
237 221
238 222
240 223
241 224
242 225
243 226
244 227
247 228
248 229
249 230
250 231
251 232
252 233
253 234
254 235
255 236
256 237
257 238
258 239
259 240
260 241
261 242
262 243
263 244
264 245
265 246
266 247
267 248
268 249
269 250
270 251
271 252
273 253
274 254
275 255
277 256
278 257
279 258
280 259
281 260
282 261
283 262
284 263
285 264
286 265
288 266
289 267
290 268
291 269
292 270
293 271
294 272
295 273
296 274
297 275
298 276
299 277
300 278
301 279
302 280
303 281
304 282
305 283
306 284
307 285
308 286
310 287
311 288
312 289
313 290
314 291
315 292
316 293
317 294
318 295
319 296
320 297
321 298
322 299
324 300
325 301
326 302
327 303
328 304
329 305
330 306
331 307
332 308
333 309
334 310
335 311
336 312
337 313
338 314
339 315
340 316
341 317
342 318
343 319
344 320
345 321
346 322
347 323
348 324
349 325
350 326
351 327
352 328
353 329
354 330
355 331
356 332
357 333
358 334
359 335
360 336
361 337
362 338
363 339
364 340
365 341
366 342
367 343
368 344
369 345
370 346
371 347
372 348
375 349
376 350
377 351
378 352
380 353
382 354
383 355
385 356
386 357
387 358
388 359
390 360
391 361
392 362
393 363
394 364
395 365
396 366
397 367
398 368
399 369
400 370
401 371
402 372
403 373
404 374
405 375
406 376
407 377
408 378
409 379
410 380
411 381
412 382
413 383
414 384
415 385
416 386
417 387
418 388
419 389
420 390
421 391
423 392
424 393
425 394
426 395
427 396
428 397
430 398
431 399
432 400
433 401
434 402
435 403
436 404
437 405
438 406
439 407
440 408
441 409
442 410
443 411
444 412
446 413
447 414
449 415
450 416
451 417
452 418
453 419
454 420
455 421
456 422
457 423
458 424
459 425
460 426
461 427
462 428
463 429
464 430
465 431
466 432
468 433
469 434
470 435
471 436
472 437
473 438
474 439
475 440
476 441
477 442
478 443
479 444
480 445
481 446
482 447
484 448
485 449
486 450
487 451
488 452
489 453
490 454
491 455
492 456
493 457
494 458
495 459
496 460
497 461
498 462
499 463
500 464
501 465
502 466
503 467
504 468
506 469
507 470
509 471
510 472
511 473
512 474
513 475
514 476
515 477
516 478
517 479
518 480
519 481
520 482
521 483
523 484
525 485
526 486
527 487
529 488
530 489
531 490
532 491
533 492
534 493
535 494
536 495
537 496
538 497
539 498
540 499
541 500
542 501
543 502
544 503
545 504
546 505
547 506
548 507
549 508
550 509
551 510
553 511
555 512
556 513
557 514
558 515
559 516
560 517
561 518
562 519
563 520
565 521
566 522
567 523
568 524
569 525
570 526
571 527
572 528
573 529
574 530
575 531
576 532
577 533
578 534
579 535
580 536
581 537
582 538
583 539
584 540
585 541
586 542
587 543
589 544
590 545
592 546
593 547
594 548
595 549
596 550
598 551
601 552
602 553
603 554
604 555
605 556
606 557
607 558
608 559
609 560
611 561
612 562
613 563
614 564
616 565
617 566
618 567
619 568
620 569
621 570
622 571
623 572
624 573
625 574
627 575
628 576
629 577
631 578
632 579
633 580
634 581
635 582
636 583
637 584
638 585
639 586
640 587
641 588
642 589
643 590
644 591
645 592
646 593
647 594
649 595
650 596
651 597
652 598
654 599
655 600
656 601
657 602
658 603
659 604
660 605
662 606
663 607
664 608
665 609
666 610
667 611
668 612
669 613
670 614
671 615
672 616
673 617
674 618
675 619
676 620
677 621
678 622
679 623
680 624
681 625
682 626
683 627
684 628
685 629
686 630
687 631
688 632
689 633
690 634
691 635
692 636
693 637
694 638
695 639
696 640
697 641
698 642
699 643
700 644
701 645
702 646
703 647
704 648
705 649
706 650
707 651
708 652
709 653
710 654
711 655
712 656
713 657
714 658
715 659
716 660
717 661
718 662
719 663
720 664
721 665
722 666
723 667
725 668
726 669
727 670
728 671
729 672
730 673
731 674
732 675
733 676
734 677
735 678
736 679
737 680
738 681
739 682
741 683
742 684
743 685
744 686
746 687
747 688
749 689
750 690
751 691
752 692
753 693
754 694
756 695
757 696
758 697
759 698
760 699
761 700
762 701
763 702
764 703
765 704
767 705
768 706
769 707
770 708
771 709
772 710
773 711
776 712
777 713
778 714
779 715
780 716
781 717
782 718
784 719
785 720
786 721
787 722
788 723
789 724
790 725
791 726
792 727
793 728
794 729
795 730
797 731
798 732
799 733
800 734
801 735
802 736
804 737
805 738
806 739
807 740
808 741
809 742
810 743
812 744
813 745
814 746
815 747
816 748
817 749
818 750
819 751
821 752
822 753
823 754
824 755
825 756
826 757
827 758
828 759
829 760
830 761
831 762
832 763
834 764
835 765
836 766
837 767
838 768
839 769
840 770
841 771
842 772
843 773
844 774
845 775
846 776
847 777
848 778
849 779
850 780
851 781
852 782
853 783
854 784
855 785
856 786
858 787
859 788
860 789
861 790
862 791
863 792
864 793
865 794
868 795
869 796
870 797
871 798
873 799
874 800
875 801
876 802
877 803
878 804
881 805
882 806
884 807
885 808
886 809
887 810
888 811
889 812
890 813
891 814
893 815
895 816
896 817
897 818
898 819
899 820
900 821
903 822
904 823
905 824
906 825
907 826
908 827
909 828
910 829
911 830
912 831
913 832
914 833
915 834
916 835
917 836
919 837
920 838
921 839
922 840
924 841
925 842
926 843
927 844
928 845
929 846
930 847
931 848
932 849
933 850
934 851
935 852
936 853
938 854
939 855
940 856
941 857
942 858
943 859
946 860
948 861
949 862
950 863
951 864
952 865
953 866
954 867
955 868
957 869
958 870
959 871
960 872
961 873
962 874
963 875
964 876
965 877
966 878
967 879
968 880
969 881
971 882
972 883
975 884
976 885
977 886
978 887
979 888
980 889
981 890
982 891
984 892
985 893
986 894
987 895
989 896
990 897
991 898
993 899
994 900
995 901
996 902
997 903
998 904
999 905
1001 906
1002 907
1003 908
1004 909
1005 910
1006 911
1007 912
1008 913
1009 914
1010 915
1011 916
1012 917
1014 918
1015 919
1016 920
1017 921
1018 922
1019 923
1020 924
1021 925
1022 926
1023 927
1024 928
1025 929
1026 930
1027 931
1028 932
1029 933
1030 934
1032 935
1033 936
1034 937
1035 938
1036 939
1037 940
1038 941
1039 942
1040 943
1041 944
1042 945
1044 946
1046 947
1047 948
1049 949
1050 950
1051 951
1052 952
1053 953
1054 954
1055 955
1056 956
1057 957
1058 958
1060 959
1061 960
1062 961
1063 962
1064 963
1065 964
1067 965
1068 966
1069 967
1070 968
1071 969
1072 970
1073 971
1074 972
1075 973
1076 974
1078 975
1079 976
1080 977
1081 978
1082 979
1083 980
1084 981
1085 982
1086 983
1087 984
1088 985
1089 986
1091 987
1092 988
1093 989
1094 990
1097 991
1098 992
1099 993
1100 994
1101 995
1102 996
1103 997
1104 998
1106 999
1107 1000
1108 1001
1109 1002
1110 1003
1111 1004
1112 1005
1113 1006
1114 1007
1116 1008
1118 1009
1119 1010
1120 1011
1122 1012
1123 1013
1124 1014
1125 1015
1126 1016
1128 1017
1130 1018
1131 1019
1132 1020
1133 1021
1134 1022
1135 1023
1136 1024
1137 1025
1138 1026
1139 1027
1140 1028
1143 1029
1144 1030
1145 1031
1146 1032
1147 1033
1148 1034
1149 1035
1150 1036
1151 1037
1152 1038
1153 1039
1154 1040
1155 1041
1156 1042
1157 1043
1158 1044
1159 1045
1160 1046
1161 1047
1163 1048
1164 1049
1165 1050
1166 1051
1167 1052
1170 1053
1171 1054
1172 1055
1173 1056
1174 1057
1176 1058
1177 1059
1178 1060
1179 1061
1180 1062
1181 1063
1182 1064
1183 1065
1184 1066
1185 1067
1186 1068
1187 1069
1188 1070
1189 1071
1190 1072
1191 1073
1192 1074
1193 1075
1194 1076
1195 1077
1196 1078
1197 1079
1198 1080
1199 1081
1200 1082
1202 1083
1204 1084
1206 1085
1207 1086
1209 1087
1210 1088
1211 1089
1212 1090
1213 1091
1214 1092
1215 1093
1216 1094
1217 1095
1219 1096
1220 1097
1222 1098
1223 1099
1224 1100
1225 1101
1226 1102
1228 1103
1229 1104
1230 1105
1231 1106
1232 1107
1233 1108
1234 1109
1235 1110
1236 1111
1237 1112
1238 1113
1239 1114
1240 1115
1242 1116
1243 1117
1244 1118
1245 1119
1246 1120
1247 1121
1248 1122
1249 1123
1253 1124
1254 1125
1255 1126
1256 1127
1258 1128
1259 1129
1261 1130
1262 1131
1263 1132
1264 1133
1265 1134
1267 1135
1270 1136
1271 1137
1272 1138
1273 1139
1274 1140
1275 1141
1276 1142
1277 1143
1278 1144
1279 1145
1280 1146
1281 1147
1282 1148
1283 1149
1284 1150
1286 1151
1287 1152
1288 1153
1289 1154
1290 1155
1291 1156
1292 1157
1293 1158
1294 1159
1295 1160
1296 1161
1298 1162
1299 1163
1300 1164
1301 1165
1302 1166
1303 1167
1304 1168
1305 1169
1308 1170
1309 1171
1310 1172
1311 1173
1312 1174
1313 1175
1316 1176
1318 1177
1319 1178
1321 1179
1322 1180
1323 1181
1324 1182
1325 1183
1327 1184
1329 1185
1330 1186
1331 1187
1332 1188
1333 1189
1335 1190
1336 1191
1337 1192
1339 1193
1340 1194
1342 1195
1343 1196
1345 1197
1346 1198
1347 1199
1348 1200
1349 1201
1350 1202
1351 1203
1352 1204
1353 1205
1354 1206
1355 1207
1356 1208
1357 1209
1358 1210
1360 1211
1362 1212
1363 1213
1364 1214
1365 1215
1366 1216
1367 1217
1368 1218
1369 1219
1371 1220
1372 1221
1373 1222
1374 1223
1375 1224
1376 1225
1377 1226
1378 1227
1379 1228
1380 1229
1381 1230
1382 1231
1383 1232
1384 1233
1385 1234
1386 1235
1387 1236
1388 1237
1389 1238
1390 1239
1393 1240
1394 1241
1395 1242
1396 1243
1397 1244
1398 1245
1399 1246
1401 1247
1402 1248
1403 1249
1404 1250
1405 1251
1406 1252
1407 1253
1408 1254
1410 1255
1411 1256
1413 1257
1414 1258
1416 1259
1418 1260
1419 1261
1420 1262
1421 1263
1422 1264
1423 1265
1424 1266
1425 1267
1426 1268
1427 1269
1428 1270
1429 1271
1430 1272
1431 1273
1432 1274
1433 1275
1434 1276
1435 1277
1437 1278
1438 1279
1439 1280
1440 1281
1441 1282
1442 1283
1443 1284
1444 1285
1445 1286
1446 1287
1447 1288
1449 1289
1450 1290
1451 1291
1452 1292
1453 1293
1454 1294
1455 1295
1456 1296
1457 1297
1458 1298
1459 1299
1461 1300
1462 1301
1463 1302
1464 1303
1465 1304
1466 1305
1467 1306
1469 1307
1470 1308
1471 1309
1472 1310
1473 1311
1474 1312
1475 1313
1476 1314
1478 1315
1479 1316
1480 1317
1481 1318
1483 1319
1484 1320
1485 1321
1486 1322
1488 1323
1489 1324
1490 1325
1491 1326
1492 1327
1493 1328
1494 1329
1495 1330
1496 1331
1497 1332
1498 1333
1500 1334
1501 1335
1502 1336
1503 1337
1504 1338
1505 1339
1506 1340
1507 1341
1508 1342
1509 1343
1511 1344
1513 1345
1514 1346
1515 1347
1516 1348
1517 1349
1518 1350
1519 1351
1520 1352
1521 1353
1522 1354
1524 1355
1525 1356
1527 1357
1528 1358
1530 1359
1531 1360
1532 1361
1533 1362
1534 1363
1535 1364
1536 1365
1537 1366
1538 1367
1539 1368
1540 1369
1541 1370
1542 1371
1543 1372
1544 1373
1545 1374
1546 1375
1547 1376
1549 1377
1551 1378
1552 1379
1553 1380
1554 1381
1555 1382
1556 1383
1557 1384
1558 1385
1559 1386
1560 1387
1562 1388
1563 1389
1564 1390
1565 1391
1566 1392
1567 1393
1568 1394
1570 1395
1572 1396
1573 1397
1574 1398
1575 1399
1576 1400
1577 1401
1578 1402
1579 1403
1580 1404
1581 1405
1582 1406
1583 1407
1584 1408
1585 1409
1586 1410
1587 1411
1588 1412
1589 1413
1590 1414
1591 1415
1592 1416
1593 1417
1594 1418
1595 1419
1596 1420
1597 1421
1599 1422
1600 1423
1601 1424
1604 1425
1605 1426
1606 1427
1607 1428
1608 1429
1613 1430
1614 1431
1615 1432
1616 1433
1617 1434
1618 1435
1619 1436
1620 1437
1621 1438
1622 1439
1623 1440
1624 1441
1625 1442
1626 1443
1627 1444
1628 1445
1629 1446
1630 1447
1632 1448
1633 1449
1635 1450
1636 1451
1637 1452
1638 1453
1639 1454
1640 1455
1641 1456
1642 1457
1643 1458
1644 1459
1646 1460
1647 1461
1648 1462
1649 1463
1650 1464
1652 1465
1653 1466
1654 1467
1655 1468
1656 1469
1657 1470
1658 1471
1659 1472
1660 1473
1661 1474
1662 1475
1663 1476
1664 1477
1665 1478
1666 1479
1667 1480
1669 1481
1670 1482
1671 1483
1672 1484
1674 1485
1675 1486
1676 1487
1677 1488
1678 1489
1679 1490
1680 1491
1682 1492
1683 1493
1684 1494
1685 1495
1686 1496
1687 1497
1688 1498
1689 1499
1690 1500
1691 1501
1692 1502
1693 1503
1694 1504
1695 1505
1696 1506
1697 1507
1699 1508
1700 1509
1701 1510
1702 1511
1703 1512
1704 1513
1705 1514
1706 1515
1707 1516
1708 1517
1709 1518
1710 1519
1711 1520
1712 1521
1715 1522
1717 1523
1718 1524
1719 1525
1720 1526
1722 1527
1723 1528
1724 1529
1725 1530
1726 1531
1727 1532
1728 1533
1729 1534
1730 1535
1732 1536
1733 1537
1734 1538
1736 1539
1737 1540
1740 1541
1741 1542
1742 1543
1743 1544
1744 1545
1745 1546
1746 1547
1747 1548
1748 1549
1749 1550
1751 1551
1752 1552
1753 1553
1754 1554
1755 1555
1757 1556
1759 1557
1760 1558
1761 1559
1762 1560
1764 1561
1765 1562
1766 1563
1768 1564
1769 1565
1770 1566
1771 1567
1772 1568
1773 1569
1774 1570
1775 1571
1776 1572
1777 1573
1778 1574
1779 1575
1780 1576
1781 1577
1782 1578
1783 1579
1784 1580
1785 1581
1786 1582
1787 1583
1788 1584
1789 1585
1790 1586
1791 1587
1792 1588
1793 1589
1794 1590
1795 1591
1796 1592
1797 1593
1798 1594
1799 1595
1800 1596
1801 1597
1802 1598
1803 1599
1804 1600
1805 1601
1806 1602
1807 1603
1808 1604
1809 1605
1810 1606
1811 1607
1813 1608
1814 1609
1815 1610
1816 1611
1817 1612
1818 1613
1819 1614
1820 1615
1821 1616
1822 1617
1823 1618
1824 1619
1825 1620
1826 1621
1827 1622
1828 1623
1829 1624
1830 1625
1831 1626
1832 1627
1833 1628
1834 1629
1835 1630
1836 1631
1838 1632
1839 1633
1840 1634
1841 1635
1842 1636
1844 1637
1845 1638
1846 1639
1848 1640
1850 1641
1851 1642
1852 1643
1853 1644
1855 1645
1856 1646
1857 1647
1858 1648
1859 1649
1860 1650
1861 1651
1862 1652
1863 1653
1864 1654
1865 1655
1866 1656
1867 1657
1868 1658
1869 1659
1871 1660
1872 1661
1873 1662
1874 1663
1875 1664
1877 1665
1879 1666
1880 1667
1881 1668
1883 1669
1885 1670
1887 1671
1888 1672
1889 1673
1890 1674
1891 1675
1892 1676
1894 1677
1895 1678
1896 1679
1897 1680
1898 1681
1899 1682
1900 1683
1902 1684
1903 1685
1904 1686
1905 1687
1906 1688
1907 1689
1908 1690
1909 1691
1910 1692
1911 1693
1912 1694
1914 1695
1915 1696
1917 1697
1918 1698
1919 1699
1920 1700
1921 1701
1922 1702
1923 1703
1924 1704
1925 1705
1926 1706
1928 1707
1929 1708
1930 1709
1931 1710
1933 1711
1934 1712
1935 1713
1936 1714
1937 1715
1938 1716
1939 1717
1941 1718
1942 1719
1944 1720
1946 1721
1947 1722
1948 1723
1949 1724
1950 1725
1951 1726
1952 1727
1954 1728
1955 1729
1956 1730
1957 1731
1958 1732
1959 1733
1961 1734
1962 1735
1963 1736
1964 1737
1965 1738
1966 1739
1968 1740
1969 1741
1971 1742
1972 1743
1973 1744
1974 1745
1975 1746
1976 1747
1977 1748
1978 1749
1979 1750
1980 1751
1981 1752
1982 1753
1983 1754
1984 1755
1986 1756
1987 1757
1988 1758
1989 1759
1990 1760
1991 1761
1992 1762
1993 1763
1994 1764
1995 1765
1996 1766
1997 1767
1998 1768
1999 1769
2000 1770
2001 1771
2003 1772
2004 1773
2005 1774
2006 1775
2007 1776
2008 1777
2009 1778
2010 1779
2011 1780
2013 1781
2014 1782
2015 1783
2016 1784
2017 1785
2018 1786
2019 1787
2020 1788
2021 1789
2022 1790
2023 1791
2024 1792
2025 1793
2027 1794
2028 1795
2029 1796
2030 1797
2031 1798
2032 1799
2033 1800
2034 1801
2035 1802
2036 1803
2037 1804
2038 1805
2039 1806
2040 1807
2041 1808
2042 1809
2043 1810
2044 1811
2045 1812
2046 1813
2047 1814
2048 1815
2051 1816
2052 1817
2053 1818
2054 1819
2055 1820
2056 1821
2057 1822
2058 1823
2059 1824
2060 1825
2061 1826
2062 1827
2064 1828
2065 1829
2066 1830
2067 1831
2068 1832
2069 1833
2070 1834
2071 1835
2072 1836
2075 1837
2076 1838
2077 1839
2078 1840
2079 1841
2080 1842
2081 1843
2083 1844
2084 1845
2086 1846
2087 1847
2088 1848
2090 1849
2091 1850
2092 1851
2093 1852
2094 1853
2095 1854
2096 1855
2097 1856
2099 1857
2100 1858
