1193 0
661 1
914 2
3408 3
2355 4
1197 5
2804 6
594 7
595 8
938 9
1035 10
2791 11
2687 12
2018 13
3105 14
2797 15
2321 16
720 17
1270 18
527 19
2340 20
48 21
1097 22
1545 23
745 24
3186 25
1566 26
588 27
1907 28
783 29
1836 30
1022 31
2762 32
150 33
1 34
1961 35
1962 36
2692 37
1028 38
1029 39
1207 40
531 41
1246 42
1357 43
3068 44
1537 45
647 46
2194 47
2628 48
2916 49
3468 50
1210 51
1792 52
1687 53
1213 54
2881 55
1217 56
434 57
2126 58
3107 59
3035 60
1610 61
292 62
2236 63
3071 64
902 65
368 66
1259 67
3147 68
1188 69
3255 70
3256 71
3257 72
110 73
2278 74
1834 75
3471 76
589 77
1690 78
3654 79
2852 80
1945 81
982 82
1873 83
2858 84
2028 85
515 86
442 87
2312 88
1408 89
1084 90
480 91
1442 92
2067 93
1370 94
1801 95
1372 96
2353 97
3334 98
2427 99
1196 100
1552 101
736 102
1198 103
593 104
2359 105
2717 106
2571 107
1917 108
2396 109
3735 110
1953 111
1597 112
3809 113
1954 114
1955 115
235 116
1957 117
163 118
21 119
165 120
1090 121
380 122
2501 123
349 124
457 125
1096 126
459 127
1527 128
3418 129
3451 130
780 131
498 132
2002 133
1784 134
2006 135
1968 136
3678 137
1244 138
356 139
3893 140
3421 141
1641 142
648 143
1394 144
3534 145
104 146
1431 147
1079 148
2997 149
653 150
2167 151
1580 152
3619 153
260 154
3114 155
1049 156
1261 157
552 158
1265 159
1266 160
733 161
590 162
1378 163
3552 164
1304 165
3168 166
2617 167
3671 168
2115 169
2081 170
1214 171
1036 172
2366 173
1387 174
3527 175
1201 176
1240 177
2987 178
2333 179
1175 180
2337 181
1392 182
2268 183
1466 184
860 185
1683 186
1684 187
2770 188
215 189
1759 190
501 191
3578 192
506 193
1250 194
3793 195
509 196
41 197
2058 198
3799 199
47 200
2700 201
296 202
581 203
1617 204
299 205
3079 206
2560 207
229 208
6 209
3006 210
800 211
50 212
52 213
1192 214
3081 215
377 216
1268 217
3083 218
3513 219
2428 220
2282 221
1554 222
1912 223
2716 224
1485 225
2289 226
1127 227
3016 228
2070 229
1704 230
3163 231
2437 232
2291 233
1635 234
1279 235
2721 236
2723 237
2725 238
1923 239
3386 240
3744 241
896 242
3020 243
318 244
176 245
461 246
608 247
1429 248
2159 249
1643 250
3249 251
3176 252
1719 253
2806 254
2734 255
321 256
2013 257
3100 258
2952 259
1794 260
2599 261
1500 262
2959 263
1509 264
1722 265
1650 266
908 267
1653 268
2384 269
1729 270
3476 271
2890 272
3113 273
16 274
265 275
2029 276
194 277
551 278
1513 279
3046 280
2318 281
1089 282
3260 283
1730 284
3409 285
2607 286
1449 287
1732 288
1733 289
2390 290
1734 291
3266 292
3267 293
3624 294
2395 295
2683 296
412 297
2759 298
994 299
1884 300
1885 301
272 302
24 303
348 304
2323 305
29 306
562 307
1095 308
2188 309
497 310
1966 311
3499 312
353 313
32 314
1171 315
3786 316
34 317
357 318
36 319
714 320
2406 321
1101 322
3717 323
1030 324
1688 325
364 326
3072 327
3508 328
1043 329
597 330
383 331
2506 332
3524 333
1569 334
3600 335
3604 336
3536 337
3753 338
3682 339
2017 340
3685 341
3610 342
1296 343
838 344
1007 345
2966 346
17 347
3699 348
1441 349
1088 350
912 351
199 352
1806 353
2100 354
1959 355
1380 356
569 357
1674 358
3565 359
861 360
1573 361
474 362
1221 363
39 364
2336 365
288 366
1682 367
508 368
3213 369
42 370
650 371
3148 372
2702 373
1476 374
2490 375
1693 376
151 377
510 378
4 379
1621 380
3155 381
2712 382
2429 383
1840 384
1916 385
1488 386
1120 387
161 388
1411 389
524 390
1059 391
454 392
1701 393
1274 394
741 395
1277 396
1639 397
3528 398
2297 399
465 400
1711 401
393 402
2442 403
73 404
3246 405
3173 406
105 407
253 408
3250 409
3252 410
1721 411
476 412
3259 413
1589 414
2023 415
14 416
337 417
266 418
2314 419
2600 420
269 421
555 422
1660 423
1735 424
3481 425
2686 426
2688 427
345 428
25 429
2329 430
1810 431
1673 432
2908 433
1678 434
1027 435
2699 436
1393 437
3298 438
3948 439
805 440
300 441
1777 442
162 443
3301 444
529 445
3452 446
2294 447
1921 448
1060 449
1356 450
1358 451
3178 452
3751 453
3826 454
3755 455
2302 456
1148 457
2166 458
1584 459
1223 460
1446 461
3623 462
1669 463
3916 464
1307 465
3270 466
428 467
2622 468
3358 469
3359 470
1756 471
1320 472
2124 473
2125 474
2054 475
1252 476
1253 477
3869 478
1256 479
3500 480
1257 481
3501 482
1831 483
3363 484
587 485
3438 486
3296 487
223 488
2497 489
2498 490
153 491
7 492
2133 493
2135 494
2136 495
2137 496
802 497
2138 498
1409 499
592 500
596 501
3447 502
1918 503
2140 504
1271 505
1345 506
2077 507
2078 508
1276 509
3525 510
1927 511
2657 512
3388 513
316 514
317 515
248 516
2082 517
1282 518
1283 519
750 520
2087 521
1287 522
3608 523
2662 524
2300 525
329 526
3034 527
3108 528
2161 529
3037 530
2093 531
1291 532
904 533
1292 534
1294 535
765 536
2746 537
1947 538
333 539
339 540
2316 541
1517 542
1371 543
913 544
1374 545
1375 546
915 547
1376 548
1377 549
916 550
918 551
919 552
1012 553
2826 554
3629 555
1015 556
1016 557
1019 558
3489 559
344 560
275 561
2324 562
2252 563
920 564
923 565
3703 566
926 567
3704 568
1020 569
784 570
858 571
1023 572
1025 573
2693 574
1967 575
351 576
282 577
2405 578
3066 579
1031 580
1104 581
1032 582
435 583
367 584
1544 585
943 586
3723 587
1042 588
370 589
2423 590
3153 591
2424 592
3086 593
3087 594
953 595
3591 596
2863 597
1124 598
3593 599
1125 600
520 601
2795 602
62 603
3309 604
1633 605
3095 606
3097 607
3099 608
3812 609
2000 610
963 611
1200 612
2003 613
1203 614
2005 615
1204 616
2872 617
3675 618
2946 619
898 620
2009 621
2874 622
899 623
1135 624
2948 625
539 626
2371 627
3247 628
3174 629
2375 630
2378 631
2011 632
2012 633
2015 634
1215 635
1073 636
3688 637
541 638
542 639
3254 640
2453 641
2529 642
1654 643
1583 644
3189 645
1586 646
1220 647
1225 648
1080 649
2967 650
2968 651
2530 652
3264 653
3194 654
2393 655
2398 656
2399 657
1302 658
1230 659
2033 660
1233 661
2108 662
1091 663
2470 664
203 665
1676 666
208 667
2111 668
2040 669
2041 670
3928 671
2043 672
1243 673
2045 674
1247 675
1753 676
216 677
586 678
2639 679
2710 680
663 681
3448 682
231 683
2076 684
2580 685
246 686
1288 687
3396 688
2598 689
2306 690
764 691
2174 692
342 693
3129 694
2907 695
788 696
2766 697
2335 698
2918 699
3146 700
440 701
441 702
3160 703
2431 704
1563 705
1498 706
1136 707
2883 708
543 709
3182 710
88 711
986 712
1665 713
2109 714
708 715
1747 716
3362 717
813 718
3897 719
934 720
111 721
3265 722
999 723
2616 724
2 725
1262 726
2640 727
2641 728
3036 729
2094 730
1009 731
3479 732
10 733
2822 734
3494 735
421 736
3070 737
2414 738
1479 739
517 740
952 741
1129 742
60 743
3745 744
2370 745
1216 746
2528 747
3269 748
3417 749
2046 750
3354 751
1263 752
2572 753
2731 754
3033 755
2243 756
2920 757
2976 758
3798 759
2706 760
1909 761
2567 762
2496 763
3004 764
3005 765
3510 766
2719 767
1343 768
748 769
2724 770
1783 771
1422 772
3461 773
3535 774
257 775
762 776
2676 777
1883 778
3566 779
2764 780
2694 781
1892 782
1608 783
2841 784
3646 785
500 786
3145 787
1615 788
2272 789
2273 790
1619 791
1625 792
1487 793
2001 794
1644 795
2882 796
2961 797
553 798
628 799
3261 800
2605 801
1805 802
2391 803
2539 804
2394 805
3773 806
1092 807
1672 808
2555 809
2629 810
2701 811
2568 812
1269 813
2713 814
1911 815
3516 816
2643 817
2722 818
2581 819
2761 820
2856 821
2369 822
3175 823
2888 824
2392 825
1179 826
2553 827
2554 828
1185 829
3503 830
3879 831
3375 832
1779 833
164 834
3457 835
319 836
1284 837
2660 838
2661 839
2663 840
2664 841
2667 842
3032 843
2173 844
2752 845
340 846
3700 847
924 848
3701 849
3638 850
30 851
1601 852
2912 853
866 854
3576 855
503 856
293 857
1614 858
2346 859
942 860
3658 861
446 862
1624 863
2287 864
2288 865
3662 866
3594 867
3300 868
1997 869
968 870
1206 871
1069 872
2377 873
2010 874
3827 875
610 876
2526 877
2527 878
2454 879
2455 880
3696 881
2533 882
1301 883
2105 884
707 885
2613 886
2542 887
496 888
2549 889
1748 890
3927 891
2116 892
2985 893
2989 894
2123 895
2052 896
2993 897
1186 898
3439 899
158 900
3877 901
2139 902
737 903
2573 904
302 905
232 906
2141 907
2142 908
2143 909
2145 910
313 911
2153 912
2080 913
2085 914
2807 915
2735 916
2739 917
3397 918
3398 919
3399 920
327 921
2090 922
1367 923
839 924
1005 925
405 926
1876 927
261 928
2248 929
1013 930
778 931
1882 932
1956 933
26 934
2253 935
3633 936
3635 937
1960 938
2763 939
2402 940
2193 941
1391 942
1396 943
1033 944
291 945
44 946
2348 947
2421 948
2422 949
1126 950
3668 951
1702 952
1562 953
1499 954
2947 955
1064 956
532 957
466 958
2373 959
2951 960
2014 961
2953 962
2019 963
616 964
546 965
2450 966
475 967
86 968
1587 969
2021 970
2025 971
2893 972
3698 973
1804 974
485 975
95 976
1591 977
1739 978
3911 979
1234 980
1094 981
1242 982
3930 983
1321 984
3863 985
2990 986
1327 987
1258 988
2633 989
2638 990
1407 991
1334 992
2064 993
1339 994
2646 995
2647 996
1772 997
2649 998
1340 999
1275 1000
1278 1001
2720 1002
2653 1003
1350 1004
2089 1005
2160 1006
2096 1007
1373 1008
842 1009
785 1010
2836 1011
420 1012
3208 1013
2338 1014
2195 1015
1974 1016
940 1017
879 1018
2782 1019
1982 1020
2789 1021
2860 1022
3596 1023
1994 1024
2502 1025
2367 1026
2296 1027
2004 1028
2949 1029
76 1030
1717 1031
1645 1032
2376 1033
1219 1034
1655 1035
2103 1036
1694 1037
70 1038
585 1039
3000 1040
2800 1041
3053 1042
3268 1043
3774 1044
3355 1045
145 1046
1689 1047
2122 1048
2134 1049
1405 1050
230 1051
3017 1052
2072 1053
1347 1054
818 1055
3526 1056
173 1057
1425 1058
180 1059
1799 1060
256 1061
185 1062
2163 1063
3039 1064
1438 1065
833 1066
910 1067
2249 1068
771 1069
849 1070
3052 1071
1385 1072
2189 1073
429 1074
1606 1075
798 1076
799 1077
1037 1078
2413 1079
2416 1080
1047 1081
3660 1082
3661 1083
2794 1084
65 1085
1205 1086
3243 1087
2374 1088
473 1089
3253 1090
3258 1091
112 1092
3835 1093
3917 1094
2478 1095
1248 1096
1249 1097
3420 1098
3505 1099
1189 1100
3507 1101
3435 1102
659 1103
2202 1104
1267 1105
1199 1106
1845 1107
3952 1108
2149 1109
671 1110
3521 1111
2726 1112
187 1113
2091 1114
903 1115
3618 1116
3474 1117
11 1118
3044 1119
911 1120
2176 1121
3551 1122
3556 1123
2322 1124
2259 1125
3702 1126
2901 1127
1388 1128
3634 1129
1965 1130
2407 1131
2409 1132
431 1133
2410 1134
2411 1135
45 1136
2419 1137
951 1138
521 1139
3741 1140
2871 1141
2511 1142
1218 1143
1077 1144
3763 1145
1222 1146
1227 1147
556 1148
3338 1149
125 1150
3770 1151
1306 1152
2973 1153
493 1154
1313 1155
2117 1156
2119 1157
3424 1158
2132 1159
2144 1160
1788 1161
175 1162
3104 1163
2245 1164
2757 1165
1958 1166
3707 1167
1535 1168
2915 1169
372 1170
2352 1171
1057 1172
1663 1173
2574 1174
1920 1175
688 1176
3676 1177
3422 1178
3423 1179
719 1180
3426 1181
2558 1182
217 1183
2059 1184
724 1185
3502 1186
3506 1187
3361 1188
1833 1189
3 1190
804 1191
3441 1192
303 1193
234 1194
237 1195
168 1196
2146 1197
3450 1198
673 1199
2154 1200
1285 1201
2802 1202
2805 1203
252 1204
3614 1205
1298 1206
1003 1207
694 1208
3040 1209
267 1210
1880 1211
413 1212
416 1213
1888 1214
276 1215
278 1216
1381 1217
1457 1218
852 1219
3705 1220
2906 1221
1021 1222
350 1223
424 1224
2403 1225
3063 1226
2261 1227
38 1228
2262 1229
1461 1230
1463 1231
1390 1232
2266 1233
2269 1234
1100 1235
2779 1236
361 1237
2412 1238
1541 1239
3219 1240
3584 1241
511 1242
518 1243
445 1244
2420 1245
3152 1246
378 1247
1556 1248
3590 1249
450 1250
2798 1251
381 1252
1703 1253
3308 1254
3098 1255
2942 1256
2875 1257
605 1258
609 1259
463 1260
1713 1261
1640 1262
467 1263
74 1264
2447 1265
2950 1266
3684 1267
3686 1268
612 1269
471 1270
472 1271
2459 1272
2387 1273
1588 1274
118 1275
2020 1276
3690 1277
550 1278
3331 1279
3263 1280
487 1281
2463 1282
122 1283
1593 1284
2469 1285
2106 1286
2541 1287
3274 1288
2473 1289
499 1290
135 1291
1254 1292
3364 1293
3469 1294
3030 1295
905 1296
922 1297
2186 1298
930 1299
3730 1300
955 1301
528 1302
3683 1303
2550 1304
144 1305
3101 1306
901 1307
906 1308
3548 1309
846 1310
928 1311
3210 1312
954 1313
1208 1314
2991 1315
3366 1316
3370 1317
1785 1318
3102 1319
3639 1320
3062 1321
3726 1322
2363 1323
3740 1324
2944 1325
969 1326
1085 1327
2534 1328
494 1329
1176 1330
3943 1331
3949 1332
1922 1333
3554 1334
1657 1335
2544 1336
2065 1337
3012 1338
3022 1339
3028 1340
1281 1341
3462 1342
1297 1343
921 1344
3200 1345
933 1346
3640 1347
1976 1348
946 1349
2922 1350
947 1351
3088 1352
957 1353
2935 1354
2936 1355
2792 1356
3096 1357
961 1358
2870 1359
3244 1360
3836 1361
1235 1362
3349 1363
3429 1364
3286 1365
2707 1366
28 1367
3159 1368
3821 1369
3787 1370
1680 1371
3935 1372
1183 1373
2637 1374
2565 1375
154 1376
1699 1377
2206 1378
1333 1379
2644 1380
2648 1381
3018 1382
3019 1383
2071 1384
1348 1385
2650 1386
678 1387
2728 1388
2303 1389
1295 1390
907 1391
1299 1392
2817 1393
2747 1394
3110 1395
3111 1396
2313 1397
2178 1398
1017 1399
3121 1400
2183 1401
927 1402
3204 1403
931 1404
932 1405
1103 1406
2344 1407
2921 1408
3727 1409
2926 1410
3587 1411
2932 1412
2867 1413
3599 1414
3230 1415
2433 1416
3167 1417
3169 1418
1130 1419
1061 1420
538 1421
3681 1422
3760 1423
1152 1424
1086 1425
1300 1426
3844 1427
1231 1428
3340 1429
2612 1430
565 1431
3271 1432
2118 1433
2983 1434
1245 1435
1835 1436
222 1437
236 1438
3387 1439
837 1440
2671 1441
1895 1442
3712 1443
3597 1444
2796 1445
455 1446
2379 1447
2382 1448
2383 1449
2471 1450
3785 1451
1251 1452
2708 1453
1760 1454
3365 1455
3871 1456
803 1457
1264 1458
3512 1459
2575 1460
1272 1461
1419 1462
824 1463
2732 1464
2238 1465
2239 1466
3473 1467
3549 1468
1946 1469
1949 1470
2171 1471
2682 1472
3567 1473
3060 1474
2331 1475
3061 1476
863 1477
2919 1478
3649 1479
3074 1480
945 1481
3725 1482
948 1483
58 1484
3091 1485
965 1486
971 1487
3320 1488
1078 1489
2385 1490
3831 1491
1081 1492
2969 1493
123 1494
1162 1495
2474 1496
1172 1497
3788 1498
1827 1499
3504 1500
1191 1501
233 1502
172 1503
247 1504
178 1505
2155 1506
2815 1507
1875 1508
196 1509
198 1510
3480 1511
2250 1512
3706 1513
1603 1514
2334 1515
1395 1516
2774 1517
507 1518
3142 1519
2418 1520
1616 1521
449 1522
3156 1523
1480 1524
2432 1525
1147 1526
3697 1527
3196 1528
2972 1529
3864 1530
2485 1531
141 1532
224 1533
249 1534
1353 1535
691 1536
2677 1537
13 1538
779 1539
46 1540
1620 1541
92 1542
3157 1543
3752 1544
2027 1545
674 1546
2669 1547
258 1548
2816 1549
2748 1550
3628 1551
3643 1552
2430 1553
2941 1554
976 1555
3406 1556
2537 1557
2546 1558
3937 1559
3868 1560
2642 1561
3519 1562
1924 1563
2311 1564
3555 1565
2681 1566
2408 1567
880 1568
3807 1569
66 1570
2520 1571
2456 1572
3769 1573
1590 1574
2034 1575
2986 1576
830 1577
1754 1578
2709 1579
2083 1580
3466 1581
2097 1582
2846 1583
1983 1584
1985 1585
1986 1586
891 1587
107 1588
3251 1589
2461 1590
2462 1591
3771 1592
2107 1593
3412 1594
1821 1595
140 1596
218 1597
728 1598
2491 1599
2492 1600
2205 1601
1914 1602
2718 1603
305 1604
1414 1605
2150 1606
753 1607
2738 1608
186 1609
900 1610
2168 1611
3612 1612
3540 1613
3543 1614
697 1615
1948 1616
2241 1617
3045 1618
1014 1619
2829 1620
1018 1621
1453 1622
1894 1623
1600 1624
355 1625
287 1626
2339 1627
1398 1628
937 1629
2849 1630
2415 1631
3076 1632
371 1633
447 1634
2356 1635
1632 1636
2292 1637
3814 1638
2443 1639
468 1640
469 1641
3248 1642
2884 1643
1226 1644
1083 1645
489 1646
2468 1647
1666 1648
2037 1649
633 1650
3341 1651
492 1652
566 1653
1677 1654
3852 1655
3939 1656
1969 1657
1970 1658
1971 1659
1972 1660
1973 1661
1975 1662
1977 1663
1978 1664
1979 1665
1980 1666
1981 1667
1984 1668
2523 1669
575 1670
2050 1671
2053 1672
5 1673
599 1674
2088 1675
829 1676
835 1677
3051 1678
1526 1679
1459 1680
2401 1681
2404 1682
1602 1683
1474 1684
3082 1685
3404 1686
2531 1687
2532 1688
991 1689
996 1690
1752 1691
1762 1692
170 1693
1931 1694
1797 1695
3615 1696
1944 1697
3477 1698
336 1699
19 1700
1010 1701
1011 1702
3483 1703
2827 1704
410 1705
419 1706
277 1707
423 1708
2857 1709
513 1710
514 1711
516 1712
374 1713
376 1714
379 1715
453 1716
533 1717
534 1718
2016 1719
2965 1720
1310 1721
2042 1722
159 1723
1952 1724
1054 1725
3861 1726
3509 1727
3390 1728
3616 1729
2007 1730
2500 1731
3617 1732
3484 1733
1518 1734
1379 1735
886 1736
93 1737
1177 1738
571 1739
718 1740
2120 1741
1184 1742
580 1743
1190 1744
2148 1745
2232 1746
2165 1747
1290 1748
766 1749
2315 1750
3203 1751
2264 1752
3067 1753
1609 1754
1611 1755
3078 1756
2349 1757
1623 1758
1627 1759
1483 1760
950 1761
3307 1762
3092 1763
893 1764
100 1765
3179 1766
1648 1767
1726 1768
2389 1769
2606 1770
2467 1771
126 1772
1816 1773
3285 1774
1686 1775
3437 1776
1769 1777
1913 1778
307 1779
309 1780
242 1781
3605 1782
3464 1783
2808 1784
3393 1785
322 1786
2668 1787
326 1788
184 1789
259 1790
330 1791
3478 1792
190 1793
18 1794
268 1795
3620 1796
3550 1797
2750 1798
3557 1799
341 1800
415 1801
22 1802
3708 1803
280 1804
427 1805
281 1806
35 1807
3571 1808
432 1809
436 1810
290 1811
2851 1812
2781 1813
55 1814
3802 1815
2793 1816
1991 1817
522 1818
382 1819
456 1820
2943 1821
1211 1822
1212 1823
2956 1824
611 1825
617 1826
81 1827
3764 1828
3693 1829
482 1830
94 1831
3918 1832
3919 1833
1305 1834
2038 1835
1093 1836
561 1837
2112 1838
2114 1839
1173 1840
3873 1841
3049 1842
3217 1843
3728 1844
2786 1845
3794 1846
2152 1847
2310 1848
3820 1849
1228 1850
3024 1851
695 1852
2184 1853
2364 1854
2365 1855
3328 1856
3198 1857
2615 1858
160 1859
1862 1860
1041 1861
519 1862
3663 1863
3664 1864
392 1865
1224 1866
2891 1867
3923 1868
1421 1869
1293 1870
3201 1871
3134 1872
3224 1873
3089 1874
959 1875
978 1876
3185 1877
3414 1878
3350 1879
314 1880
1935 1881
3545 1882
2670 1883
1951 1884
3655 1885
3816 1886
1066 1887
615 1888
1303 1889
1237 1890
1241 1891
1180 1892
113 1893
1731 1894
2583 1895
3889 1896
786 1897
3238 1898
3316 1899
3190 1900
3273 1901
3908 1902
3784 1903
3789 1904
2130 1905
1401 1906
806 1907
2069 1908
3011 1909
2212 1910
3015 1911
1344 1912
2147 1913
2079 1914
1286 1915
3103 1916
3109 1917
1432 1918
1366 1919
909 1920
2177 1921
848 1922
1450 1923
782 1924
2341 1925
1477 1926
949 1927
1629 1928
956 1929
2436 1930
2290 1931
3317 1932
974 1933
1727 1934
2457 1935
3330 1936
3197 1937
2472 1938
132 1939
3430 1940
225 1941
3518 1942
3529 1943
2729 1944
3602 1945
1934 1946
254 1947
182 1948
3613 1949
2819 1950
2820 1951
2755 1952
418 1953
279 1954
1964 1955
3498 1956
437 1957
3729 1958
1050 1959
3738 1960
451 1961
2940 1962
1209 1963
79 1964
82 1965
85 1966
1082 1967
3841 1968
1161 1969
1099 1970
640 1971
3115 1972
1707 1973
166 1974
2596 1975
2672 1976
2678 1977
1950 1978
2772 1979
1416 1980
9 1981
832 1982
2803 1983
1919 1984
637 1985
3467 1986
1939 1987
2929 1988
3112 1989
3069 1990
2434 1991
2439 1992
1904 1993
40 1994
2995 1995
2828 1996
43 1997
2979 1998
1187 1999
3124 2000
692 2001
2170 2002
2320 2003
2448 2004
990 2005
2625 2006
3440 2007
240 2008
1858 2009
1004 2010
2879 2011
464 2012
3767 2013
3768 2014
704 2015
869 2016
2357 2017
1963 2018
577 2019
2057 2020
8 2021
1359 2022
3054 2023
1460 2024
1551 2025
2354 2026
1489 2027
1495 2028
1582 2029
3400 2030
1592 2031
146 2032
1848 2033
238 2034
181 2035
262 2036
502 2037
2899 2038
558 2039
700 2040
2036 2041
631 2042
711 2043
3946 2044
3898 2045
536 2046
3783 2047
2771 2048
205 2049
3282 2050
2499 2051
156 2052
3606 2053
417 2054
1024 2055
298 2056
72 2057
2971 2058
568 2059
2873 2060
2024 2061
1178 2062
1260 2063
3093 2064
973 2065
2924 2066
69 2067
3811 2068
2162 2069
2519 2070
2690 2071
2861 2072
941 2073
3324 2074
3325 2075
3299 2076
3825 2077
3914 2078
3859 2079
754 2080
3118 2081
54 2082
583 2083
2157 2084
2347 2085
1649 2086
3384 2087
438 2088
1112 2089
3672 2090
390 2091
1594 2092
2927 2093
2060 2094
743 2095
3896 2096
1437 2097
2190 2098
3141 2099
2279 2100
2505 2101
2540 2102
2582 2103
12 2104
63 2105
2880 2106
477 2107
2073 2108
3882 2109
810 2110
2092 2111
1605 2112
3225 2113
1595 2114
1750 2115
2559 2116
2566 2117
3511 2118
3515 2119
2714 2120
239 2121
169 2122
3453 2123
3454 2124
2840 2125
360 2126
3743 2127
2876 2128
3824 2129
486 2130
2102 2131
3776 2132
2978 2133
709 2134
2048 2135
667 2136
1599 2137
2476 2138
204 2139
1681 2140
3444 2141
3933 2142
1349 2143
3837 2144
1280 2145
1542 2146
3932 2147
2203 2148
3870 2149
2204 2150
2208 2151
2210 2152
1507 2153
936 2154
944 2155
1596 2156
3284 2157
1929 2158
1936 2159
1938 2160
1940 2161
2904 2162
3724 2163
3736 2164
2937 2165
1529 2166
3553 2167
2938 2168
3901 2169
15 2170
3936 2171
71 2172
3791 2173
3872 2174
851 2175
3177 2176
3326 2177
3357 2178
3580 2179
2877 2180
3754 2181
3915 2182
836 2183
2285 2184
998 2185
3029 2186
2181 2187
929 2188
1925 2189
1942 2190
2917 2191
1167 2192
3929 2193
3938 2194
3913 2195
3925 2196
2098 2197
2280 2198
1860 2199
1325 2200
3883 2201
3327 2202
2099 2203
3287 2204
157 2205
3537 2206
1995 2207
2121 2208
1322 2209
1328 2210
1329 2211
3941 2212
3942 2213
1337 2214
3013 2215
2327 2216
3138 2217
2515 2218
2517 2219
2451 2220
3403 2221
3360 2222
2634 2223
2635 2224
2645 2225
2652 2226
177 2227
2736 2228
2665 2229
251 2230
328 2231
2818 2232
332 2233
407 2234
3491 2235
3659 2236
2787 2237
1992 2238
1128 2239
1993 2240
1996 2241
2878 2242
606 2243
2026 2244
3694 2245
3840 2246
3843 2247
2104 2248
1238 2249
2113 2250
3926 2251
892 2252
241 2253
3538 2254
3934 2255
742 2256
3792 2257
3014 2258
1352 2259
1355 2260
1389 2261
2260 2262
2263 2263
2267 2264
3211 2265
875 2266
897 2267
1715 2268
2518 2269
101 2270
2524 2271
2380 2272
2381 2273
3405 2274
1807 2275
1661 2276
2551 2277
1841 2278
3465 2279
2745 2280
2749 2281
20 2282
1887 2283
273 2284
3497 2285
3710 2286
2928 2287
1987 2288
373 2289
2866 2290
387 2291
603 2292
78 2293
3689 2294
544 2295
3766 2296
3846 2297
3849 2298
3125 2299
490 2300
171 2301
1879 2302
1046 2303
715 2304
3895 2305
3150 2306
2284 2307
2561 2308
1889 2309
2769 2310
3720 2311
3822 2312
3756 2313
3132 2314
3073 2315
3311 2316
1404 2317
2231 2318
1472 2319
1647 2320
294 2321
1053 2322
384 2323
2458 2324
2654 2325
1855 2326
645 2327
668 2328
1354 2329
781 2330
2609 2331
3416 2332
211 2333
147 2334
1900 2335
306 2336
1859 2337
2696 2338
2697 2339
2925 2340
3819 2341
3746 2342
535 2343
627 2344
97 2345
3910 2346
2361 2347
312 2348
3064 2349
129 2350
1670 2351
3436 2352
3579 2353
491 2354
3884 2355
3719 2356
512 2357
548 2358
1289 2359
793 2360
1856 2361
3392 2362
3395 2363
1111 2364
3813 2365
549 2366
89 2367
1464 2368
2360 2369
213 2370
735 2371
206 2372
2495 2373
3539 2374
3627 2375
2788 2376
3679 2377
1941 2378
3801 2379
3007 2380
2066 2381
2301 2382
3135 2383
935 2384
3342 2385
3371 2386
2570 2387
2801 2388
2862 2389
3834 2390
2110 2391
3853 2392
3855 2393
1194 2394
801 2395
2086 2396
1363 2397
2240 2398
1445 2399
3214 2400
870 2401
3431 2402
3432 2403
3433 2404
3434 2405
3394 2406
1008 2407
408 2408
338 2409
23 2410
426 2411
365 2412
2939 2413
460 2414
3865 2415
3117 2416
3055 2417
3077 2418
117 2419
3192 2420
2611 2421
3275 2422
2621 2423
1910 2424
308 2425
2730 2426
320 2427
2594 2428
2812 2429
2744 2430
334 2431
346 2432
358 2433
3718 2434
363 2435
2859 2436
3733 2437
1123 2438
1055 2439
1202 2440
391 2441
3903 2442
3906 2443
481 2444
3858 2445
574 2446
3860 2447
3950 2448
1502 2449
1539 2450
3302 2451
1564 2452
202 2453
2482 2454
1767 2455
179 2456
425 2457
289 2458
3581 2459
3598 2460
68 2461
3749 2462
3823 2463
1236 2464
638 2465
325 2466
274 2467
1581 2468
3415 2469
3470 2470
3742 2471
3874 2472
1273 2473
2247 2474
2255 2475
3199 2476
271 2477
2905 2478
352 2479
2977 2480
564 2481
1812 2482
3713 2483
1998 2484
2988 2485
2068 2486
1361 2487
193 2488
523 2489
602 2490
83 2491
809 2492
1342 2493
2328 2494
1456 2495
1604 2496
1465 2497
1468 2498
1475 2499
2507 2500
1497 2501
2514 2502
2516 2503
1744 2504
2548 2505
1902 2506
152 2507
1771 2508
315 2509
1866 2510
2597 2511
1869 2512
188 2513
195 2514
3709 2515
2835 2516
1897 2517
1119 2518
479 2519
2898 2520
2974 2521
2975 2522
3782 2523
2996 2524
1255 2525
3520 2526
2656 2527
2666 2528
2035 2529
3921 2530
3922 2531
3924 2532
831 2533
1515 2534
2504 2535
2368 2536
2513 2537
984 2538
3401 2539
3262 2540
324 2541
1051 2542
3673 2543
3674 2544
201 2545
876 2546
2372 2547
3329 2548
1928 2549
2587 2550
1932 2551
1933 2552
1937 2553
255 2554
1943 2555
3475 2556
1169 2557
3002 2558
669 2559
3010 2560
3951 2561
1413 2562
3885 2563
670 2564
680 2565
3038 2566
2180 2567
2182 2568
2351 2569
3235 2570
1631 2571
3090 2572
3241 2573
2512 2574
2440 2575
1572 2576
970 2577
3188 2578
2488 2579
2630 2580
3514 2581
3379 2582
3456 2583
2659 2584
3547 2585
2824 2586
3559 2587
2689 2588
2830 2589
1034 2590
3731 2591
2864 2592
1132 2593
3747 2594
3680 2595
99 2596
2970 2597
1232 2598
759 2599
1454 2600
2271 2601
3425 2602
3281 2603
2590 2604
2022 2605
3041 2606
3385 2607
3391 2608
3715 2609
3144 2610
1926 2611
2525 2612
1825 2613
1323 2614
2475 2615
3449 2616
2552 2617
573 2618
2994 2619
685 2620
1365 2621
3128 2622
1399 2623
2276 2624
1482 2625
2435 2626
1725 2627
988 2628
2610 2629
1811 2630
209 2631
2493 2632
2711 2633
1896 2634
3711 2635
448 2636
57 2637
388 2638
613 2639
84 2640
2963 2641
621 2642
483 2643
2780 2644
409 2645
3886 2646
2169 2647
761 2648
1626 2649
987 2650
2614 2651
227 2652
3810 2653
547 2654
2894 2655
649 2656
1546 2657
137 2658
2626 2659
3909 2660
747 2661
3867 2662
725 2663
3031 2664
2305 2665
1503 2666
767 2667
2425 2668
3158 2669
3181 2670
2624 2671
2483 2672
1844 2673
2579 2674
3459 2675
2585 2676
3532 2677
1867 2678
31 2679
2844 2680
1105 2681
362 2682
366 2683
1058 2684
525 2685
1999 2686
458 2687
1131 2688
80 2689
3902 2690
488 2691
632 2692
495 2693
3546 2694
1646 2695
1550 2696
27 2697
3761 2698
3127 2699
1874 2700
2865 2701
2445 2702
3180 2703
2651 2704
1854 2705
191 2706
430 2707
433 2708
2889 2709
710 2710
1473 2711
1642 2712
207 2713
2589 2714
2695 2715
3945 2716
2307 2717
414 2718
3564 2719
3653 2720
3947 2721
149 2722
1346 2723
3165 2724
1667 2725
504 2726
2785 2727
1427 2728
917 2729
1523 2730
1531 2731
2295 2732
2809 2733
1317 2734
2051 2735
1410 2736
2151 2737
3042 2738
3043 2739
3048 2740
3120 2741
1397 2742
2345 2743
2286 2744
3161 2745
964 2746
102 2747
3427 2748
148 2749
1839 2750
1857 2751
1863 2752
505 2753
444 2754
3804 2755
537 2756
87 2757
3695 2758
2031 2759
2032 2760
639 2761
2900 2762
1484 2763
1076 2764
174 2765
570 2766
662 2767
665 2768
2330 2769
1533 2770
877 2771
1585 2772
3272 2773
263 2774
1114 2775
1150 2776
2062 2777
3050 2778
885 2779
3563 2780
2839 2781
3851 2782
3857 2783
2075 2784
3544 2785
1508 2786
3047 2787
958 2788
128 2789
2008 2790
77 2791
2897 2792
250 2793
1423 2794
3304 2795
3171 2796
116 2797
3586 2798
3734 2799
3222 2800
2913 2801
1382 2802
3139 2803
3347 2804
3367 2805
2655 2806
3487 2807
210 2808
2704 2809
2477 2810
2627 2811
3667 2812
1417 2813
1870 2814
2751 2815
3765 2816
3572 2817
3130 2818
2047 2819
2799 2820
619 2821
2848 2822
1662 2823
1598 2824
1824 2825
3931 2826
2992 2827
1335 2828
3021 2829
841 2830
2460 2831
3351 2832
2902 2833
2903 2834
3573 2835
2784 2836
3838 2837
3692 2838
2095 2839
3339 2840
155 2841
2362 2842
3569 2843
882 2844
3345 2845
3488 2846
3839 2847
3777 2848
2417 2849
1496 2850
656 2851
3318 2852
3335 2853
3344 2854
2545 2855
1743 2856
1695 2857
2855 2858
1044 2859
1988 2860
1989 2861
1990 2862
600 2863
3372 2864
1439 2865
1516 2866
840 2867
2265 2868
867 2869
2446 2870
1679 2871
1822 2872
1755 2873
3531 2874
3645 2875
3669 2876
1362 2877
3446 2878
681 2879
1332 2880
2868 2881
3276 2882
3133 2883
3665 2884
3781 2885
1826 2886
343 2887
484 2888
2219 2889
2256 2890
3106 2891
2237 2892
2521 2893
2386 2894
119 2895
331 2896
375 2897
540 2898
635 2899
722 2900
1428 2901
3343 2902
3496 2903
2843 2904
1525 2905
3239 2906
3240 2907
243 2908
1798 2909
470 2910
3008 2911
1351 2912
1511 2913
3183 2914
997 2915
2620 2916
1791 2917
1006 2918
335 2919
422 2920
2885 2921
2400 2922
3622 2923
1067 2924
2733 2925
1153 2926
1383 2927
2810 2928
2886 2929
2636 2930
939 2931
1817 2932
1749 2933
3670 2934
124 2935
64 2936
2325 2937
2084 2938
2293 2939
1651 2940
2479 2941
228 2942
301 2943
3389 2944
2767 2945
283 2946
2298 2947
3626 2948
3206 2949
807 2950
2055 2951
2196 2952
1906 2953
96 2954
1330 2955
1331 2956
1341 2957
2465 2958
3289 2959
2740 2960
3637 2961
2853 2962
3732 2963
2790 2964
746 2965
1068 2966
2618 2967
3374 2968
1809 2969
1455 2970
705 2971
2715 2972
2837 2973
214 2974
1865 2975
3739 2976
2179 2977
3094 2978
3912 2979
3221 2980
3162 2981
1571 2982
2535 2983
3577 2984
2074 2985
3790 2986
3075 2987
3428 2988
2494 2989
3445 2990
2847 2991
2854 2992
3832 2993
1326 2994
2128 2995
2326 2996
1728 2997
2737 2998
3721 2999
3758 3000
2044 3001
2982 3002
3625 3003
2275 3004
1490 3005
1837 3006
1113 3007
347 3008
3808 3009
1440 3010
411 3011
3806 3012
760 3013
1658 3014
3892 3015
2896 3016
3122 3017
3368 3018
354 3019
2481 3020
2768 3021
3920 3022
2201 3023
2342 3024
1656 3025
626 3026
3310 3027
1312 3028
1000 3029
212 3030
1881 3031
881 3032
808 3033
1412 3034
121 3035
1758 3036
369 3037
3795 3038
1893 3039
716 3040
2388 3041
2586 3042
2522 3043
3900 3044
2056 3045
2131 3046
731 3047
1447 3048
3805 3049
1501 3050
2778 3051
3797 3052
200 3053
270 3054
295 3055
61 3056
1899 3057
2158 3058
3737 3059
1087 3060
2743 3061
114 3062
3691 3063
3940 3064
443 3065
2211 3066
2227 3067
992 3068
3442 3069
1853 3070
2164 3071
3313 3072
2741 3073
2753 3074
3632 3075
462 3076
828 3077
1336 3078
1612 3079
2658 3080
3611 3081
3878 3082
888 3083
1570 3084
3759 3085
3775 3086
3848 3087
3137 3088
297 3089
1163 3090
1565 3091
1406 3092
3588 3093
1549 3094
3562 3095
3058 3096
1692 3097
1168 3098
3862 3099
3568 3100
3780 3101
3025 3102
3463 3103
304 3104
2452 3105
2842 3106
2426 3107
2674 3108
3677 3109
3714 3110
1458 3111
2466 3112
2536 3113
386 3114
554 3115
850 3116
1547 3117
3854 3118
2175 3119
2593 3120
1696 3121
2397 3122
2756 3123
3716 3124
3845 3125
3833 3126
1494 3127
478 3128
1170 3129
2509 3130
75 3131
2727 3132
3143 3133
244 3134
2914 3135
2187 3136
103 3137
2215 3138
1829 3139
2675 3140
2834 3141
1151 3142
3306 3143
2577 3144
1793 3145
3880 3146
1668 3147
3495 3148
3319 3149
2773 3150
2945 3151
925 3152
385 3153
2283 3154
452 3155
2049 3156
2754 3157
397 3158
1575 3159
2691 3160
3894 3161
2813 3162
1613 3163
1814 3164
2191 3165
3218 3166
3223 3167
3490 3168
3830 3169
3850 3170
106 3171
359 3172
1056 3173
220 3174
1426 3175
1144 3176
2981 3177
394 3178
702 3179
751 3180
1846 3181
1154 3182
1504 3183
2197 3184
1574 3185
3574 3186
49 3187
389 3188
1671 3189
3333 3190
1324 3191
189 3192
1898 3193
2758 3194
3796 3195
2775 3196
1063 3197
1493 3198
1864 3199
1038 3200
3847 3201
3757 3202
2257 3203
3570 3204
3492 3205
563 3206
2441 3207
245 3208
1872 3209
1116 3210
3116 3211
862 3212
567 3213
2998 3214
962 3215
1746 3216
183 3217
2209 3218
703 3219
967 3220
3486 3221
3642 3222
1415 3223
1850 3224
2185 3225
2776 3226
2923 3227
769 3228
960 3229
1675 3230
131 3231
197 3232
1117 3233
2281 3234
1121 3235
2350 3236
2221 3237
2892 3238
864 3239
3419 3240
2632 3241
2101 3242
3817 3243
2246 3244
1878 3245
2964 3246
2449 3247
3644 3248
1181 3249
3283 3250
219 3251
3585 3252
3402 3253
1520 3254
2962 3255
2931 3256
1770 3257
2783 3258
3215 3259
